*IDN? Returned 31 bytes: CMT, C1209, 00000001, 21.4.4/2


           Frequency                 Real                 Imag          Return Loss
       100000.000000             1.000609            -0.001873            -0.005304
     45099500.000000             0.998575            -0.054132            -0.000360
     90099000.000000             0.994386            -0.106763            -0.000879
    135098500.000000             0.987545            -0.159193            -0.002553
    180098000.000000             0.977800            -0.211143            -0.002926
    225097500.000000             0.965454            -0.262338            -0.004005
    270097000.000000             0.950634            -0.312780            -0.006671
    315096500.000000             0.933101            -0.362133            -0.007888
    360096000.000000             0.913165            -0.410436            -0.010095
    405095500.000000             0.890573            -0.457653            -0.011130
    450095000.000000             0.865533            -0.503713            -0.012463
    495094500.000000             0.837864            -0.548969            -0.014670
    540094000.000000             0.807386            -0.593070            -0.015625
    585093500.000000             0.774344            -0.636031            -0.017963
    630093000.000000             0.738985            -0.677370            -0.021353
    675092500.000000             0.701393            -0.716692            -0.024252
    720092000.000000             0.661675            -0.753964            -0.027167
    765091500.000000             0.619619            -0.789270            -0.029757
    810091000.000000             0.575046            -0.822430            -0.030594
    855090500.000000             0.528367            -0.853405            -0.032326
    900090000.000000             0.479747            -0.881920            -0.034343
    945089500.000000             0.429298            -0.907756            -0.035971
    990089000.000000             0.377588            -0.930862            -0.039241
   1035088500.000000             0.324344            -0.950998            -0.041479
   1080088000.000000             0.269760            -0.968242            -0.044344
   1125087500.000000             0.214079            -0.982411            -0.047348
   1170087000.000000             0.157650            -0.993284            -0.049514
   1215086500.000000             0.100717            -1.000878            -0.051382
   1260086000.000000             0.043662            -1.005241            -0.053592
   1305085500.000000            -0.013969            -1.006302            -0.055407
   1350085000.000000            -0.071980            -1.004019            -0.057104
   1395084500.000000            -0.130615            -0.997972            -0.056130
   1440084000.000000            -0.189642            -0.988488            -0.056410
   1485083500.000000            -0.248731            -0.975411            -0.057351
   1530083000.000000            -0.306812            -0.958962            -0.059277
   1575082500.000000            -0.363896            -0.938891            -0.060108
   1620082000.000000            -0.419868            -0.915341            -0.060973
   1665081500.000000            -0.474940            -0.887969            -0.060624
   1710081000.000000            -0.528949            -0.856558            -0.058143
   1755080500.000000            -0.581722            -0.821415            -0.056621
   1800080000.000000            -0.632864            -0.782558            -0.055724
   1845079500.000000            -0.681706            -0.740154            -0.054173
   1890079000.000000            -0.727900            -0.694136            -0.050364
   1935078500.000000            -0.771308            -0.644812            -0.046216
   1980078000.000000            -0.811832            -0.591984            -0.041132
   2025077500.000000            -0.849492            -0.536014            -0.038691
   2070077000.000000            -0.883563            -0.476955            -0.035335
   2115076500.000000            -0.913881            -0.414981            -0.031969
   2160076000.000000            -0.939745            -0.350302            -0.025255
   2205075500.000000            -0.961238            -0.283080            -0.017824
   2250075000.000000            -0.978219            -0.213759            -0.011301
   2295074500.000000            -0.990486            -0.142061            -0.005398
   2340074000.000000            -0.997399            -0.068207             0.002359
   2385073500.000000            -0.998896             0.007469             0.009353
   2430073000.000000            -0.994273             0.084279             0.018791
   2475072500.000000            -0.983393             0.161663             0.029644
   2520072000.000000            -0.966126             0.239339             0.040654
   2565071500.000000            -0.942196             0.317599             0.049781
   2610071000.000000            -0.910911             0.395499             0.060443
   2655070500.000000            -0.871646             0.473060             0.072024
   2700070000.000000            -0.823720             0.549794             0.084246
   2745069500.000000            -0.766706             0.624533             0.097148
   2790069000.000000            -0.699759             0.696380             0.111700
   2835068500.000000            -0.621940             0.764686             0.125328
   2880068000.000000            -0.531201             0.828233             0.140601
   2925067500.000000            -0.424714             0.885363             0.158104
   2970067000.000000            -0.297919             0.933133             0.179584
   3015066500.000000            -0.141318             0.965083             0.216567
   3060066000.000000             0.067586             0.960819             0.325734
   3105065500.000000             0.366646             0.806770             1.049604
   3150065000.000000             0.229698             0.307565             8.316272
   3195064500.000000             0.080916             0.528200             5.443293
   3240064000.000000             0.231018             0.492104             5.293907
   3285063500.000000             0.242311             0.323103             7.875182
   3330063000.000000             0.110316             0.249417            11.285522
   3375062500.000000             0.027530             0.323322             9.775932
   3420062000.000000             0.059421             0.405086             7.756595
   3465061500.000000             0.138863             0.426403             6.965828
   3510061000.000000             0.213300             0.398322             6.900346
   3555060500.000000             0.268791             0.344584             7.189966
   3600060000.000000             0.305044             0.277092             7.699812
   3645059500.000000             0.320414             0.198904             8.470157
   3690059000.000000             0.305211             0.118538             9.697839
   3735058500.000000             0.261626             0.055300            11.456548
   3780058000.000000             0.201786             0.021793            13.851825
   3825057500.000000             0.146665             0.024102            16.557765
   3870057000.000000             0.119269             0.047313            17.834718
   3915056500.000000             0.123453             0.065475            17.093519
   3960056000.000000             0.143502             0.060022            16.162645
   4005055500.000000             0.154987             0.028881            16.045842
   4050055000.000000             0.140139            -0.012584            17.033949
   4095054500.000000             0.097208            -0.042074            19.500213
   4140054000.000000             0.041825            -0.040209            24.728771
   4185053500.000000             0.001194            -0.004472            46.690995
   4230053000.000000            -0.003938             0.046490            26.621800
   4275052500.000000             0.027155             0.084880            21.000682
   4320052000.000000             0.076808             0.088551            18.619885
   4365051500.000000             0.114986             0.054199            17.915793
   4410051000.000000             0.118047             0.001253            18.558396
   4455050500.000000             0.080480            -0.039417            20.952445
   4500050000.000000             0.023077            -0.039433            26.803814
   4545049500.000000            -0.014410             0.006605            35.998415
   4590049000.000000             0.001713             0.071652            22.892928
   4635048500.000000             0.074391             0.109176            17.581188
   4680048000.000000             0.168518             0.082456            14.534918
   4725047500.000000             0.232234            -0.010253            12.673023
   4770047000.000000             0.225481            -0.134165            11.621468
   4815046500.000000             0.143286            -0.232249            11.280152
   4860046000.000000             0.023941            -0.255932            11.799668
   4905045500.000000            -0.064573            -0.198174            13.620842
   4950045000.000000            -0.064546            -0.110142            17.878793
   4995044500.000000             0.025772            -0.082902            21.228033
   5040044000.000000             0.115549            -0.186918            13.161442
   5085043500.000000             0.078936            -0.376284             8.302655
   5130043000.000000            -0.116132            -0.514266             5.560237
   5175042500.000000            -0.377221            -0.491274             4.160695
   5220042000.000000            -0.579342            -0.319031             3.591030
   5265041500.000000            -0.650151            -0.046163             3.717876
   5310041000.000000            -0.513286             0.235366             4.964010
   5355040500.000000            -0.130402             0.321563             9.193459
   5400040000.000000             0.149002            -0.110938            14.620678
   5445039500.000000            -0.257368            -0.494542             5.075052
   5490039000.000000            -0.670919            -0.301110             2.669633
   5535038500.000000            -0.713705             0.093309             2.856023
   5580038000.000000            -0.107433             0.037944            18.866720
   5625037500.000000            -0.880871            -0.272984             0.703491
   5670037000.000000            -0.977179             0.150117             0.099216
   5715036500.000000            -0.912254             0.390829             0.065838
   5760036000.000000            -0.821580             0.552585             0.086212
   5805035500.000000            -0.723814             0.670826             0.114791
   5850035000.000000            -0.624865             0.759735             0.142800
   5895034500.000000            -0.526838             0.827221             0.168918
   5940034000.000000            -0.430764             0.877963             0.193709
   5985033500.000000            -0.336769             0.915417             0.216365
   6030033000.000000            -0.245824             0.941602             0.236303
   6075032500.000000            -0.157981             0.958176             0.254612
   6120032000.000000            -0.073582             0.966364             0.272077
   6165031500.000000             0.008325             0.967616             0.285614
   6210031000.000000             0.085921             0.962176             0.300416
   6255030500.000000             0.160753             0.951099             0.313156
   6300030000.000000             0.232729             0.934834             0.324154
   6345029500.000000             0.301714             0.913983             0.332032
   6390029000.000000             0.367848             0.888999             0.335623
   6435028500.000000             0.427925             0.860802             0.342813
   6480028000.000000             0.485381             0.829080             0.348132
   6525027500.000000             0.539611             0.794201             0.352996
   6570027000.000000             0.590724             0.756565             0.355779
   6615026500.000000             0.638772             0.716068             0.358427
   6660026000.000000             0.683703             0.673082             0.359814
   6705025500.000000             0.725339             0.627974             0.359913
   6750025000.000000             0.763334             0.581335             0.359151
   6795024500.000000             0.797741             0.533644             0.356619
   6840024000.000000             0.828607             0.485028             0.353433
   6885023500.000000             0.856128             0.435505             0.349771
   6930023000.000000             0.880621             0.385291             0.343553
   6975022500.000000             0.901919             0.334303             0.337569
   7020022000.000000             0.920218             0.282132             0.332014
   7065021500.000000             0.935692             0.229203             0.324271
   7110021000.000000             0.948317             0.175336             0.314946
   7155020500.000000             0.958150             0.121103             0.302498
   7200020000.000000             0.965050             0.066636             0.288343
   7245019500.000000             0.968818             0.012348             0.274448
   7290019000.000000             0.969734            -0.041400             0.259039
   7335018500.000000             0.967709            -0.094577             0.243819
   7380018000.000000             0.962804            -0.147087             0.229051
   7425017500.000000             0.955211            -0.199074             0.213364
   7470017000.000000             0.944912            -0.250624             0.196915
   7515016500.000000             0.931810            -0.301721             0.180433
   7560016000.000000             0.916006            -0.352351             0.162749
   7605015500.000000             0.897553            -0.401941             0.145026
   7650015000.000000             0.876760            -0.450341             0.125509
   7695014500.000000             0.853714            -0.497081             0.105868
   7740014000.000000             0.828251            -0.542557             0.086105
   7785013500.000000             0.800368            -0.586916             0.065375
   7830013000.000000             0.769685            -0.630161             0.045765
   7875012500.000000             0.736209            -0.672354             0.025861
   7920012000.000000             0.700172            -0.713010             0.005979
   7965011500.000000             0.662325            -0.751766            -0.016584
   8010011000.000000             0.622798            -0.788230            -0.039700
   8055010500.000000             0.581315            -0.822589            -0.062862
   8100010000.000000             0.537818            -0.854803            -0.085734
   8145009500.000000             0.492107            -0.884743            -0.106985
   8190009000.000000             0.444156            -0.912543            -0.128409
   8235008500.000000             0.394425            -0.938007            -0.151198
   8280008000.000000             0.343337            -0.960806            -0.174629
   8325007500.000000             0.291215            -0.980653            -0.197338
   8370007000.000000             0.238205            -0.997663            -0.220460
   8415006500.000000             0.184081            -1.011619            -0.241815
   8460006000.000000             0.128695            -1.022571            -0.262120
   8505005500.000000             0.072137            -1.030418            -0.281504
   8550005000.000000             0.014521            -1.035333            -0.302451
   8595004500.000000            -0.048118            -1.037865            -0.332144
   8640004000.000000            -0.107349            -1.035931            -0.353002
   8685003500.000000            -0.166028            -1.030602            -0.373097
   8730003000.000000            -0.224045            -1.021744            -0.390800
   8775002500.000000            -0.281699            -1.009379            -0.406817
   8820002000.000000            -0.339407            -0.993551            -0.423159
   8865001500.000000            -0.396443            -0.974348            -0.439597
   8910001000.000000            -0.453050            -0.951456            -0.455277
   8955000500.000000            -0.508875            -0.924808            -0.469725
   9000000000.000000            -0.563272            -0.894349            -0.481061
Press ENTER to close...